220 -1 -1 -1 -1
0 426 472 485 522
1 438 473 494 527
2 438 473 494 527
3 447 477 502 529
4 447 477 502 529
5 455 480 509 530
6 455 480 509 530
7 461 475 515 527
8 461 475 515 527
9 468 469 522 520
10 468 469 522 520
11 475 461 528 512
12 475 461 528 512
13 481 456 533 506
14 481 456 533 506
15 486 451 537 500
16 486 451 537 500
17 491 445 541 494
18 491 445 541 494
19 496 441 546 489
20 496 441 546 489
21 500 437 549 485
22 500 437 549 485
23 504 431 553 478
24 504 431 553 478
25 508 426 557 474
26 508 426 557 474
27 672 182 694 203
28 672 182 694 203
29 513 422 560 468
30 513 422 560 468
31 516 419 562 464
32 516 419 562 464
33 518 415 564 460
34 518 415 564 460
35 520 412 567 457
36 520 412 567 457
37 521 409 569 454
38 521 409 569 454
39 523 407 570 452
40 523 407 570 452
41 525 405 571 450
42 525 405 571 450
43 526 402 573 447
44 526 402 573 447
45 529 400 575 444
46 529 400 575 444
47 530 397 577 441
48 530 397 577 441
49 532 394 578 439
50 532 394 578 439
51 534 392 579 436
52 534 392 579 436
53 535 389 582 433
54 535 389 582 433
55 537 386 584 431
56 537 386 584 431
57 539 383 586 427
58 539 383 586 427
59 540 381 588 426
60 540 381 588 426
61 541 377 590 424
62 541 377 590 424
63 544 374 593 422
64 544 374 593 422
65 547 373 594 419
66 547 373 594 419
67 548 371 596 418
68 548 371 596 418
69 550 370 598 417
70 550 370 598 417
71 552 367 602 414
72 552 367 602 414
73 555 366 604 413
74 555 366 604 413
75 557 365 606 412
76 557 365 606 412
77 559 363 609 412
78 559 363 609 412
79 562 361 612 410
80 562 361 612 410
81 564 360 615 408
82 564 360 615 408
83 566 357 618 406
84 566 357 618 406
85 2 219 47 263
86 2 219 47 263
87 569 356 621 405
88 569 356 621 405
89 571 355 624 405
90 571 355 624 405
91 574 355 626 405
92 574 355 626 405
93 575 354 628 404
94 575 354 628 404
95 576 351 630 403
96 576 351 630 403
97 577 347 631 401
98 577 347 631 401
99 577 346 632 400
100 577 346 632 400
101 578 344 634 398
102 578 344 634 398
103 579 342 636 395
104 579 342 636 395
105 579 339 636 392
106 579 339 636 392
107 580 336 637 389
108 580 336 637 389
109 581 333 639 387
110 581 333 639 387
111 580 329 640 387
112 580 329 640 387
113 579 325 640 385
114 579 325 640 385
115 578 323 639 383
116 578 323 639 383
117 578 322 639 383
118 578 322 639 383
119 576 320 638 381
120 576 320 638 381
121 573 318 637 381
122 573 318 637 381
123 572 316 636 379
124 572 316 636 379
125 570 313 634 377
126 570 313 634 377
127 568 312 633 377
128 568 312 633 377
129 564 311 633 376
130 564 311 633 376
131 564 309 633 374
132 564 309 633 374
133 561 305 633 372
134 561 305 633 372
135 556 301 629 369
136 556 301 629 369
137 554 299 628 368
138 554 299 628 368
139 551 295 624 364
140 551 295 624 364
141 550 291 625 365
142 550 291 625 365
143 555 288 634 363
144 555 288 634 363
145 783 522 801 541
146 783 522 802 541
147 562 283 644 362
148 562 283 644 362
149 560 284 640 360
150 560 284 640 360
151 556 282 637 359
152 556 282 637 359
153 786 551 807 571
154 787 551 807 571
155 548 279 632 357
156 548 279 632 357
157 544 284 627 358
158 544 284 627 358
159 793 572 815 594
160 793 572 815 593
161 816 600 832 616
162 842 631 851 641
163 799 589 819 610
164 799 589 819 610
165 800 592 820 613
166 825 623 838 638
167 852 657 858 666
168 882 694 881 696
169 915 735 906 729
170 927 751 915 742
171 940 768 925 756
172 952 784 934 770
173 963 799 942 782
174 979 820 954 799
175 815 615 838 636
