210 -1 -1 -1 -1
0 372 499 441 563
1 383 492 451 555
2 394 486 461 548
3 404 481 470 542
4 436 446 498 503
5 465 414 523 467
6 470 414 528 467
7 470 414 528 467
8 483 421 539 474
9 483 421 539 474
10 493 421 549 475
11 493 421 549 475
12 502 423 559 478
13 502 423 559 478
14 748 89 770 106
15 748 89 770 106
16 519 408 573 462
17 519 408 573 462
18 527 403 580 455
19 527 403 580 455
20 534 397 586 448
21 534 397 586 448
22 541 391 595 443
23 541 391 595 443
24 547 388 600 438
25 547 388 600 438
26 551 384 604 435
27 551 384 604 435
28 557 380 610 431
29 557 380 610 431
30 743 93 769 116
31 743 93 769 116
32 744 94 770 119
33 744 94 770 119
34 569 371 624 422
35 569 371 624 422
36 574 369 628 421
37 574 369 628 421
38 577 367 632 420
39 577 367 632 420
40 580 365 636 418
41 580 365 636 418
42 585 364 642 418
43 585 364 642 418
44 742 95 770 122
45 742 95 770 122
46 592 361 649 416
47 592 361 649 416
48 595 358 654 416
49 595 358 654 416
50 598 357 658 415
51 598 357 658 415
52 600 355 662 415
53 600 355 662 415
54 603 354 666 415
55 603 354 666 415
56 607 355 669 415
57 607 355 669 415
58 609 354 672 414
59 609 354 672 414
60 614 354 678 415
61 614 354 678 415
62 616 353 682 415
63 616 353 682 415
64 621 353 686 414
65 621 353 686 414
66 625 352 691 413
67 625 352 691 413
68 628 350 695 413
69 628 350 695 413
70 630 348 699 413
71 630 348 699 413
72 632 346 702 414
73 632 346 702 414
74 634 346 705 415
75 634 346 705 415
76 636 348 711 418
77 636 348 711 418
78 640 349 714 420
79 640 349 714 420
80 643 349 718 423
81 643 349 718 423
82 646 350 722 425
83 646 350 722 425
84 646 351 724 420
85 646 351 724 420
86 647 349 725 420
87 647 349 725 420
88 647 347 727 421
89 647 347 727 421
90 644 344 729 428
91 644 344 729 428
92 643 345 726 422
93 643 345 726 422
94 637 342 728 430
95 637 342 728 430
96 633 341 727 433
97 633 341 727 433
98 631 348 721 429
99 631 348 721 429
100 628 353 720 435
101 628 353 720 435
102 625 353 720 444
103 625 353 720 444
104 619 358 716 451
105 619 358 716 451
106 618 364 709 450
107 618 364 709 450
108 614 367 705 454
109 614 367 705 454
110 610 370 703 459
111 610 370 703 459
112 608 375 702 465
113 608 375 702 465
114 605 377 700 467
115 605 377 700 467
116 603 376 700 467
117 603 376 700 467
118 600 376 699 469
119 600 376 699 469
120 597 378 696 470
121 597 378 696 470
122 595 375 695 468
123 595 375 695 468
124 592 372 694 468
125 592 372 694 468
126 590 373 693 468
127 590 373 693 468
128 587 372 691 467
129 587 372 691 467
130 579 369 682 465
131 579 369 682 465
132 572 366 676 464
133 572 366 676 464
134 565 363 669 460
135 565 363 669 460
136 556 357 662 455
137 556 357 662 455
138 544 351 648 451
139 544 351 648 451
140 533 340 641 439
141 533 340 641 439
142 526 334 632 432
143 526 334 632 432
144 511 329 616 427
145 511 329 616 427
146 500 321 605 422
147 500 321 605 422
148 501 308 609 408
149 501 308 609 408
150 510 303 617 402
151 510 303 617 402
152 524 297 631 398
153 524 297 631 398
154 528 295 634 393
155 528 295 634 393
156 536 291 639 385
157 536 291 639 385
158 534 284 644 377
159 534 284 644 377
160 535 272 642 370
161 535 272 642 370
162 538 266 641 363
163 538 266 641 363
164 541 265 643 361
165 541 265 643 361
166 545 271 646 363
