192 -1 -1 -1 -1
0 320 434 356 469
1 322 432 359 468
2 325 429 362 467
3 327 428 364 466
4 330 429 366 467
5 333 430 369 467
6 335 433 371 470
7 337 434 374 472
8 339 435 376 472
9 339 435 377 473
10 340 434 378 472
11 342 433 379 471
12 343 433 381 470
13 343 432 381 470
14 345 432 382 470
15 346 432 383 470
16 346 432 384 470
17 347 432 385 470
18 348 432 385 469
19 350 431 387 469
20 351 432 389 469
21 352 431 390 469
22 352 432 391 469
23 354 431 392 469
24 354 431 393 469
25 354 431 394 470
26 356 432 395 470
27 357 432 395 470
28 357 432 396 470
29 358 432 397 470
30 359 432 398 470
31 360 432 399 470
32 361 432 400 470
33 362 432 401 471
34 363 433 402 471
35 365 433 404 471
36 367 432 406 470
37 368 432 408 471
38 369 432 409 472
39 370 432 410 472
40 371 432 412 472
41 372 432 413 472
42 374 431 416 471
43 375 431 417 471
44 377 430 418 470
45 379 430 422 470
46 381 429 424 470
47 383 429 426 470
48 385 428 429 470
49 387 428 431 470
50 389 427 433 469
51 392 426 434 468
52 392 424 436 468
53 394 423 440 467
54 396 422 443 467
55 398 421 444 466
56 399 420 447 466
57 401 419 448 465
58 404 418 451 464
59 406 418 453 464
60 407 416 458 464
61 409 415 460 463
62 412 414 462 462
63 414 414 464 462
64 416 413 465 461
65 418 411 469 461
66 420 410 471 460
67 422 408 475 459
68 256 35 285 61
69 426 406 480 457
70 428 405 483 457
71 431 404 485 456
72 432 403 488 456
73 434 401 492 455
74 436 400 494 455
75 439 399 497 454
76 442 396 498 453
77 443 395 501 453
78 445 392 505 452
79 448 391 508 451
80 450 390 513 451
81 452 390 516 452
82 456 388 518 451
83 458 386 522 451
84 461 385 526 450
85 463 384 529 450
86 465 383 532 449
87 467 382 535 448
88 471 381 536 448
89 473 380 539 448
90 474 378 544 447
91 477 377 547 447
92 478 374 551 446
93 481 374 554 446
94 485 374 556 447
95 486 372 562 447
96 490 375 565 445
97 494 371 570 447
98 496 372 571 448
99 498 372 574 449
100 498 371 577 450
101 500 371 581 451
102 503 374 585 448
103 505 373 588 449
104 507 368 595 454
105 513 372 596 449
106 516 371 599 449
107 519 371 602 450
108 520 371 604 450
109 521 370 606 450
110 523 370 608 451
111 524 369 610 451
112 525 368 613 453
113 525 368 615 454
114 526 370 619 456
115 527 370 620 456
116 528 370 621 456
117 528 371 622 457
118 527 371 622 458
119 527 371 622 458
120 527 370 623 459
121 524 370 622 459
122 522 368 618 457
123 522 367 617 457
124 520 366 617 457
125 517 364 615 457
126 515 364 614 457
127 514 362 614 458
128 510 361 611 459
129 508 362 609 460
130 507 361 609 460
131 508 362 609 460
132 511 363 613 462
133 513 361 617 461
134 515 361 618 461
135 515 363 617 461
136 517 363 619 461
137 523 358 627 458
138 528 362 630 459
139 534 364 634 458
140 542 364 639 456
141 550 363 645 455
142 560 362 654 453
143 571 360 661 448
144 580 351 668 443
145 581 346 673 438
146 581 344 674 434
147 594 338 683 424
