117 -1 -1 -1 -1
0 393 405 449 461
1 398 407 456 464
2 404 405 460 459
3 409 396 465 451
4 413 390 467 444
5 417 388 470 440
6 419 384 473 436
7 423 379 476 431
8 426 375 480 428
9 428 372 480 423
10 430 370 482 420
11 433 366 485 417
12 437 363 489 414
13 439 359 492 411
14 440 357 493 409
15 253 318 305 369
16 445 353 498 403
17 448 350 501 400
18 449 347 503 398
19 452 346 505 397
20 454 342 508 395
21 456 341 509 392
22 457 340 510 390
23 461 339 512 388
24 462 337 514 387
25 465 335 517 386
26 467 333 519 384
27 471 332 523 384
28 472 331 526 383
29 475 330 530 384
30 478 329 533 383
31 481 329 535 382
32 484 328 539 382
33 486 328 541 382
34 489 327 544 382
35 491 327 547 382
36 494 327 550 381
37 498 327 554 382
38 499 326 557 383
39 0 396 26 453
40 506 327 564 384
41 510 326 568 384
42 514 328 571 384
43 517 326 576 385
44 521 327 580 385
45 525 328 584 386
46 529 330 588 387
47 536 331 594 388
48 540 331 599 390
49 543 333 606 393
50 547 335 610 395
51 552 337 615 397
52 555 337 621 400
53 560 338 625 401
54 564 339 628 401
55 567 339 632 403
56 568 340 636 404
57 572 340 637 405
58 574 340 640 406
59 574 337 643 404
60 577 336 646 404
61 577 334 648 404
62 577 333 651 405
63 576 332 651 405
64 577 331 652 404
65 576 329 650 402
66 573 326 650 400
67 570 325 647 398
68 571 327 643 398
69 569 326 641 398
70 567 323 642 399
71 567 321 641 399
72 559 318 638 399
73 553 314 635 395
74 548 314 635 397
75 549 314 632 396
76 549 313 636 398
77 553 313 643 399
78 555 315 644 401
79 555 314 647 401
80 553 312 647 399
81 563 312 649 394
82 572 313 661 394
83 580 316 667 397
84 581 318 668 397
85 599 324 680 394
86 609 339 686 405
87 615 341 691 405
88 622 347 694 400
89 620 340 694 397
90 621 339 694 396
91 622 345 692 398
92 627 348 696 398
93 616 350 685 397
94 619 353 686 397
95 619 358 681 397
96 617 354 683 398
97 618 354 684 398
98 618 353 683 399
99 619 356 683 398
100 620 356 683 398
101 619 354 680 398
102 620 356 680 398
103 621 357 678 399
104 617 356 679 400
105 613 355 677 403
106 611 355 676 401
107 605 356 673 398
108 603 356 671 398
109 601 356 669 397
110 599 356 667 396
111 596 356 665 395
112 593 356 663 394
