200 -1 -1 -1 -1
0 445 376 490 421
1 445 376 490 421
2 453 379 501 428
3 453 379 501 428
4 465 377 513 425
5 465 377 513 425
6 474 374 521 421
7 474 374 522 421
8 483 365 530 411
9 483 365 530 411
10 489 361 537 406
11 489 361 537 406
12 497 354 544 400
13 497 354 544 400
14 504 347 552 394
15 504 347 552 394
16 510 343 557 389
17 510 343 557 389
18 517 338 562 383
19 517 338 562 383
20 521 334 568 379
21 521 334 568 379
22 524 329 571 375
23 524 329 571 375
24 529 326 575 371
25 529 326 575 371
26 532 322 578 368
27 532 322 578 368
28 536 320 583 365
29 536 320 583 365
30 538 316 587 363
31 538 316 587 363
32 541 314 590 362
33 541 314 590 362
34 543 313 591 361
35 543 313 591 361
36 546 311 593 358
37 546 311 593 358
38 548 310 595 357
39 548 310 595 357
40 549 308 597 355
41 549 308 597 355
42 551 306 600 353
43 551 306 600 353
44 552 305 602 353
45 552 305 602 353
46 555 305 604 352
47 555 305 604 352
48 558 305 606 351
49 558 305 606 351
50 561 304 610 351
51 561 304 610 351
52 566 302 614 349
53 566 302 614 349
54 568 300 618 348
55 568 300 618 348
56 571 298 622 347
57 571 298 622 347
58 576 296 627 346
59 576 296 627 346
60 580 295 631 346
61 580 295 631 346
62 583 294 637 345
63 583 294 637 345
64 587 293 640 345
65 587 293 640 345
66 593 294 644 344
67 593 294 644 344
68 597 292 650 343
69 597 292 650 343
70 705 500 723 522
71 705 500 723 522
72 605 291 659 343
73 605 291 659 343
74 702 526 721 547
75 702 526 721 547
76 700 539 721 560
77 700 539 721 560
78 699 554 720 574
79 699 554 720 574
80 617 285 675 341
81 617 285 675 341
82 696 580 717 601
83 696 580 717 601
84 622 283 681 341
85 622 283 681 341
86 624 281 683 340
87 624 281 683 340
88 688 624 710 647
89 688 624 710 647
90 629 275 693 337
91 629 275 693 337
92 630 275 694 338
93 630 275 694 338
94 630 274 696 339
95 630 274 696 339
96 631 271 698 337
97 631 271 698 337
98 630 269 700 337
99 630 269 700 337
100 631 268 700 336
101 630 268 700 336
102 629 266 701 335
103 629 266 701 335
104 630 264 700 335
105 630 264 700 335
106 628 262 700 335
107 628 262 700 334
108 625 261 699 334
109 625 261 699 334
110 617 260 695 332
111 617 260 695 332
112 614 259 691 337
113 614 259 691 337
114 607 260 687 339
115 607 260 687 339
116 599 262 677 341
117 599 262 677 341
118 593 261 674 343
119 593 261 674 343
120 586 264 667 339
121 586 264 667 339
122 576 263 662 339
123 576 264 661 339
124 566 259 656 345
125 566 259 656 345
126 562 261 647 346
127 562 261 647 346
128 549 263 636 340
129 549 263 636 340
130 534 259 629 349
131 534 259 629 349
132 522 257 615 348
133 522 257 615 348
134 511 258 601 341
135 511 258 601 341
136 491 257 589 349
137 491 257 589 349
138 491 259 589 345
139 491 259 589 345
140 478 259 568 347
141 478 259 568 347
142 831 581 854 604
143 831 581 854 604
144 443 257 544 351
145 443 257 544 351
146 826 601 850 624
147 826 601 850 624
148 825 604 849 629
149 825 604 849 629
150 823 610 848 635
151 823 610 848 635
152 822 612 846 637
153 822 612 846 637
154 401 251 497 336
155 402 252 497 336
156 389 254 487 343
157 389 254 487 343
158 819 612 843 636
