244 -1 -1 -1 -1
0 480 429 525 472
1 484 431 529 474
2 487 428 532 472
3 490 424 536 469
4 495 422 540 467
5 497 419 541 463
6 499 417 544 462
7 501 415 546 459
8 503 413 548 457
9 506 412 551 456
10 509 410 554 455
11 511 409 556 453
12 513 407 558 451
13 515 406 559 450
14 518 405 561 448
15 519 404 562 447
16 520 403 564 446
17 524 402 567 444
18 527 401 570 443
19 528 400 572 443
20 529 399 573 443
21 531 398 575 442
22 533 397 577 440
23 534 396 578 439
24 535 394 579 437
25 537 392 583 436
26 538 390 584 435
27 540 388 586 433
28 0 150 35 226
29 543 383 588 427
30 543 381 589 425
31 544 379 590 424
32 545 378 590 423
33 545 377 591 422
34 545 375 591 421
35 546 374 592 420
36 546 373 591 419
37 546 372 592 418
38 545 371 591 416
39 545 370 591 415
40 544 368 591 414
41 543 366 591 413
42 542 365 591 413
43 542 365 590 412
44 541 365 589 411
45 540 363 588 411
46 539 362 587 410
47 538 361 587 409
48 537 361 586 408
49 536 361 585 408
50 534 360 583 407
51 533 360 581 406
52 531 358 579 405
53 530 356 578 404
54 528 356 576 403
55 527 354 576 402
56 525 353 575 402
57 524 352 574 400
58 523 350 575 399
59 522 349 574 399
60 520 348 572 399
61 519 348 571 399
62 518 347 571 399
63 517 347 570 400
64 516 347 570 401
65 515 347 569 401
66 515 347 569 401
67 513 348 568 401
68 513 347 567 400
69 513 346 567 400
70 513 345 568 400
71 513 344 569 400
72 514 344 570 400
73 44 212 131 299
74 41 213 129 301
75 516 344 573 400
76 514 342 574 402
77 514 342 575 402
78 515 342 576 402
79 516 342 578 402
80 516 342 579 403
81 517 342 580 403
82 519 342 581 403
83 520 343 584 404
84 523 344 584 405
85 522 344 585 405
86 523 345 586 406
87 525 347 588 407
88 525 347 589 409
89 525 350 590 412
90 525 351 591 414
91 524 351 591 416
92 524 352 592 417
93 524 353 591 418
94 524 353 591 419
95 524 354 592 421
96 521 354 591 423
97 520 354 591 425
98 519 355 590 427
99 518 356 592 427
100 517 357 590 429
101 515 358 589 431
102 512 359 588 434
103 508 360 585 436
104 504 363 585 433
105 501 364 581 433
106 503 363 579 441
107 502 365 577 441
108 501 366 575 440
109 499 365 573 440
110 493 365 571 440
111 487 363 568 441
112 485 361 564 440
113 479 360 559 438
114 472 357 553 431
115 467 351 547 428
116 462 352 541 428
117 458 351 537 426
118 450 351 529 424
119 443 351 522 423
120 434 348 516 422
121 427 346 507 420
122 420 343 500 417
123 414 338 495 413
124 405 336 491 409
125 402 330 483 410
126 397 328 475 403
127 392 325 473 401
128 388 321 470 397
129 383 320 467 397
130 381 317 465 398
131 378 318 464 395
132 377 317 462 395
133 374 316 459 394
134 372 315 458 393
135 369 312 455 391
136 367 311 455 391
137 360 306 449 391
138 357 303 445 388
139 354 303 441 386
140 351 301 438 385
141 353 303 439 382
142 362 302 440 376
143 361 302 439 371
144 367 302 440 367
145 373 300 440 363
146 375 298 443 364
147 376 300 444 364
148 378 305 442 364
149 382 306 446 364
150 385 311 442 363
151 382 311 437 363
152 381 312 438 365
153 382 313 437 363
154 384 314 436 362
155 385 315 435 361
156 386 316 434 360
157 387 317 433 359
158 388 318 431 358
159 389 319 429 357
160 389 320 427 356
161 389 320 425 355
162 389 320 423 354
163 389 320 421 352
164 389 320 419 350
165 389 320 417 348
166 389 320 415 346
167 389 320 413 344
168 389 320 411 342
169 389 320 409 340
170 389 320 407 338
171 389 320 405 336
172 389 320 403 334
173 449 360 510 404
