202 -1 -1 -1 -1
0 355 487 395 526
1 360 484 398 524
2 367 482 404 519
3 371 480 408 517
4 375 478 412 516
5 380 476 417 514
6 386 474 422 510
7 389 469 426 506
8 391 466 430 504
9 394 465 431 502
10 397 463 434 499
11 401 461 437 496
12 404 457 440 493
13 407 454 443 490
14 409 452 445 489
15 411 451 446 487
16 413 449 448 485
17 416 448 451 483
18 420 447 453 480
19 421 444 454 478
20 422 441 457 476
21 0 262 32 316
22 424 438 462 476
23 426 436 464 474
24 428 436 463 472
25 430 435 464 470
26 432 433 467 468
27 434 433 468 467
28 435 429 471 465
29 437 429 473 464
30 439 427 474 462
31 441 426 476 461
32 443 426 478 460
33 444 425 478 459
34 446 425 480 458
35 447 425 483 460
36 449 423 484 458
37 450 423 485 458
38 451 423 485 457
39 452 422 487 456
40 453 421 489 456
41 454 420 490 455
42 456 419 492 455
43 457 417 493 454
44 457 416 493 453
45 458 416 494 452
46 458 416 494 452
47 458 416 494 452
48 459 417 495 452
49 460 417 495 451
50 462 416 497 450
51 463 415 498 450
52 463 415 499 450
53 464 416 500 450
54 465 415 501 450
55 466 413 503 450
56 465 412 504 450
57 467 411 505 449
58 468 411 506 449
59 470 410 508 448
60 471 410 508 447
61 473 410 508 447
62 473 409 509 445
63 473 409 511 445
64 473 409 511 447
65 473 409 513 448
66 474 409 514 448
67 475 409 515 448
68 706 19 740 41
69 478 408 518 447
70 479 408 519 447
71 479 407 520 447
72 480 407 521 446
73 481 406 522 446
74 481 405 523 445
75 482 405 525 446
76 482 404 525 445
77 483 403 526 445
78 483 402 527 444
79 485 401 529 443
80 486 400 530 442
81 486 398 531 441
82 486 397 531 440
83 486 394 533 439
84 487 393 534 438
85 487 390 535 437
86 488 389 537 436
87 488 389 538 437
88 488 388 539 436
89 488 385 540 435
90 488 385 541 435
91 490 384 542 434
92 490 382 543 434
93 494 383 544 433
94 495 383 546 433
95 495 381 547 432
96 496 378 548 430
97 496 377 549 430
98 496 375 551 429
99 495 374 552 429
100 497 373 554 428
101 497 371 555 427
102 498 371 556 427
103 498 370 558 427
104 497 369 558 427
105 498 367 559 426
106 500 367 561 425
107 502 365 562 424
108 503 364 564 424
109 503 362 564 422
110 503 360 565 422
111 504 358 567 422
112 502 357 569 423
113 504 355 570 423
114 504 355 570 421
115 503 353 571 420
116 503 351 571 418
117 502 349 572 417
118 501 348 572 417
119 499 348 572 412
120 499 347 571 410
121 499 345 571 409
122 499 344 571 407
123 499 340 571 404
124 498 336 571 401
125 497 334 570 399
126 283 574 349 635
127 282 574 349 635
128 489 325 567 396
129 488 321 565 392
130 488 317 565 395
131 483 313 563 393
132 283 574 349 635
133 283 574 349 635
134 283 574 349 635
135 284 574 349 635
136 497 304 579 375
137 500 300 579 376
138 502 296 589 372
139 504 293 593 371
140 510 291 601 372
141 514 289 603 370
142 516 286 606 368
143 521 285 610 367
144 523 284 615 367
145 531 278 623 366
146 530 276 624 365
147 531 275 619 361
148 530 273 619 359
149 533 275 623 358
150 533 271 629 359
151 537 274 630 359
152 548 279 631 357
153 549 285 631 362
154 561 294 635 362
155 564 295 637 361
156 567 296 638 360
157 570 298 639 359
158 573 300 641 358
159 577 302 643 357
160 581 304 645 356
161 585 307 646 355
162 589 310 647 354
163 593 313 648 353
164 597 315 649 352
165 600 317 650 351
166 603 319 651 350
167 606 321 652 349
168 609 323 653 348
169 285 574 348 633
