103 -1 -1 -1 -1
0 427 430 482 484
1 437 424 491 477
2 444 420 496 471
3 450 413 502 464
4 456 405 508 455
5 463 398 513 447
6 468 393 518 441
7 448 266 486 306
8 438 269 480 314
9 480 379 530 428
10 483 375 533 423
11 486 372 537 421
12 488 367 537 414
13 488 364 539 412
14 491 362 541 410
15 493 361 542 408
16 496 359 544 406
17 498 357 546 404
18 499 355 547 402
19 501 353 548 399
20 502 351 550 398
21 504 349 552 396
22 506 347 554 395
23 0 219 32 304
24 510 346 558 393
25 512 346 560 393
26 513 347 561 393
27 515 347 563 394
28 518 348 566 395
29 521 348 569 395
30 523 349 572 396
31 526 351 574 397
32 528 352 577 399
33 530 353 579 401
34 533 355 582 403
35 536 355 586 403
36 538 356 589 405
37 541 357 592 406
38 544 357 595 407
39 546 358 599 409
40 549 359 603 411
41 549 358 605 412
42 551 359 607 414
43 553 361 609 415
44 554 363 611 417
45 554 364 613 419
46 555 364 614 420
47 555 364 615 421
48 553 364 614 422
49 552 364 613 423
50 550 366 612 425
51 549 369 611 428
52 546 370 612 433
53 542 371 610 436
54 541 373 609 441
55 539 375 607 442
56 538 377 606 445
57 536 380 605 448
58 534 383 604 453
59 531 385 602 456
60 527 384 601 460
61 522 389 599 459
62 519 390 596 460
63 518 389 594 462
64 511 390 587 463
65 503 388 581 458
66 504 382 576 459
67 495 378 570 450
68 490 374 567 447
69 494 368 572 444
70 2 12 60 60
71 503 351 583 426
72 505 345 591 422
73 514 338 590 411
74 514 327 602 407
75 518 316 607 397
76 520 312 609 394
77 525 311 615 397
78 524 321 610 397
