203 -1 -1 -1 -1
0 429 440 483 486
1 432 439 486 485
2 435 438 488 484
3 438 437 490 483
4 438 437 490 483
5 446 432 495 479
6 446 432 495 479
7 451 431 499 478
8 451 431 499 478
9 455 431 503 477
10 455 431 503 477
11 459 428 507 474
12 459 428 507 474
13 463 426 510 471
14 463 426 510 471
15 467 425 513 469
16 467 425 513 469
17 470 424 515 468
18 470 424 515 468
19 472 423 517 467
20 472 423 517 467
21 476 422 520 464
22 476 422 520 464
23 478 421 522 463
24 478 421 522 463
25 480 421 523 463
26 480 421 523 463
27 482 422 524 463
28 482 422 524 463
29 483 422 525 462
30 483 422 525 462
31 484 422 526 462
32 484 422 526 462
33 487 421 529 461
34 487 421 529 461
35 489 421 531 460
36 489 421 531 460
37 492 418 533 457
38 492 418 533 457
39 495 418 535 456
40 495 418 535 456
41 497 418 537 455
42 497 418 537 455
43 498 417 538 454
44 498 417 538 454
45 501 416 540 453
46 501 416 540 453
47 502 415 542 453
48 502 415 542 453
49 505 413 545 452
50 505 413 545 452
51 509 412 548 450
52 509 412 548 450
53 582 258 606 279
54 582 258 606 279
55 515 410 554 448
56 515 410 554 448
57 518 409 557 446
58 518 409 557 446
59 521 405 561 443
60 521 405 561 443
61 524 402 563 441
62 524 402 563 441
63 525 402 565 440
64 525 402 565 440
65 529 402 568 438
66 529 402 568 438
67 531 400 570 436
68 531 400 570 436
69 533 398 572 435
70 533 398 572 435
71 535 397 574 435
72 535 397 574 435
73 537 394 577 433
74 537 394 577 433
75 539 392 580 431
76 539 392 580 431
77 542 391 583 430
78 542 391 583 430
79 544 389 585 428
80 544 389 585 428
81 546 387 586 426
82 546 387 586 426
83 548 386 588 424
84 548 386 588 424
85 549 386 590 425
86 549 386 590 425
87 551 384 591 422
88 551 384 591 422
89 551 382 592 421
90 551 382 592 421
91 553 380 595 419
92 553 380 595 419
93 554 378 596 418
94 554 378 596 418
95 556 375 598 415
96 556 375 598 415
97 558 373 600 413
98 558 373 600 413
99 558 370 601 411
100 558 370 601 411
101 559 369 602 409
102 559 369 602 409
103 559 366 602 408
104 559 366 602 408
105 559 364 603 405
106 559 364 603 405
107 560 362 604 404
108 560 362 604 404
109 560 358 605 401
110 560 358 605 401
111 562 356 606 399
112 562 356 606 399
113 563 354 607 395
114 563 354 607 395
115 563 351 608 394
116 563 351 608 394
117 562 348 608 392
118 562 348 608 392
119 562 346 608 390
120 562 346 608 390
121 562 343 608 388
122 562 343 608 388
123 561 340 608 386
124 561 340 608 386
125 559 336 607 383
126 559 336 607 383
127 558 335 606 381
128 558 335 606 381
129 556 334 604 380
130 556 334 604 380
131 553 331 602 378
132 553 331 602 378
133 549 330 598 377
134 549 330 598 377
135 545 327 594 375
136 545 327 594 375
137 540 324 590 372
138 540 324 590 372
139 537 321 587 369
140 537 321 587 369
141 532 317 582 366
142 532 317 582 366
143 528 314 579 364
144 528 314 579 364
145 522 310 577 363
146 522 310 577 363
147 519 306 577 361
148 519 306 577 361
149 521 304 575 356
150 521 304 575 356
151 522 302 576 353
152 522 302 576 353
153 523 298 578 350
154 523 298 578 350
155 525 294 578 348
156 525 294 578 348
157 738 487 753 505
158 738 487 753 505
159 524 291 577 343
160 524 291 577 343
161 525 291 581 342
