203 -1 -1 -1 -1
0 465 377 513 425
1 465 377 513 425
2 474 374 521 421
3 474 374 522 421
4 483 365 530 411
5 483 365 530 411
6 489 361 537 406
7 489 361 537 406
8 497 354 544 400
9 497 354 544 400
10 504 347 552 394
11 504 347 552 394
12 510 343 557 389
13 510 343 557 389
14 517 338 562 383
15 517 338 562 383
16 521 334 568 379
17 521 334 568 379
18 524 329 571 375
19 524 329 571 375
20 529 326 575 371
21 529 326 575 371
22 532 322 578 368
23 532 322 578 368
24 536 320 583 365
25 536 320 583 365
26 538 316 587 363
27 538 316 587 363
28 541 314 590 362
29 541 314 590 362
30 543 313 591 361
31 543 313 591 361
32 546 311 593 358
33 546 311 593 358
34 548 310 595 357
35 548 310 595 357
36 549 308 597 355
37 549 308 597 355
38 551 306 600 353
39 551 306 600 353
40 552 305 602 353
41 552 305 602 353
42 555 305 604 352
43 555 305 604 352
44 558 305 606 351
45 558 305 606 351
46 561 304 610 351
47 561 304 610 351
48 566 302 614 349
49 566 302 614 349
50 568 300 618 348
51 568 300 618 348
52 571 298 622 347
53 571 298 622 347
54 576 296 627 346
55 576 296 627 346
56 580 295 631 346
57 580 295 631 346
58 583 294 637 345
59 583 294 637 345
60 587 293 640 345
61 587 293 640 345
62 593 294 644 344
63 593 294 644 344
64 597 292 650 343
65 597 292 650 343
66 705 500 723 522
67 705 500 723 522
68 605 291 659 343
69 605 291 659 343
70 702 526 721 547
71 702 526 721 547
72 700 539 721 560
73 700 539 721 560
74 699 554 720 574
75 699 554 720 574
76 617 285 675 341
77 617 285 675 341
78 696 580 717 601
79 696 580 717 601
80 622 283 681 341
81 622 283 681 341
82 624 281 683 340
83 624 281 683 340
84 688 624 710 647
85 688 624 710 647
86 629 275 693 337
87 629 275 693 337
88 630 275 694 338
89 630 275 694 338
90 630 274 696 339
91 630 274 696 339
92 631 271 698 337
93 631 271 698 337
94 630 269 700 337
95 630 269 700 337
96 631 268 700 336
97 630 268 700 336
98 629 266 701 335
99 629 266 701 335
100 630 264 700 335
101 630 264 700 335
102 628 262 700 335
103 628 262 700 334
104 625 261 699 334
105 625 261 699 334
106 617 260 695 332
107 617 260 695 332
108 614 259 691 337
109 614 259 691 337
110 607 260 687 339
111 607 260 687 339
112 599 262 677 341
113 599 262 677 341
114 593 261 674 343
115 593 261 674 343
116 586 264 667 339
117 586 264 667 339
118 576 263 662 339
119 576 264 661 339
120 566 259 656 345
121 566 259 656 345
122 562 261 647 346
123 562 261 647 346
124 549 263 636 340
125 549 263 636 340
126 534 259 629 349
127 534 259 629 349
128 522 257 615 348
129 522 257 615 348
130 511 258 601 341
131 511 258 601 341
132 491 257 589 349
133 491 257 589 349
134 491 259 589 345
135 491 259 589 345
136 478 259 568 347
137 478 259 568 347
138 831 581 854 604
139 831 581 854 604
140 443 257 544 351
141 443 257 544 351
142 826 601 850 624
143 826 601 850 624
144 825 604 849 629
145 825 604 849 629
146 823 610 848 635
147 823 610 848 635
148 822 612 846 637
149 822 612 846 637
150 401 251 497 336
151 402 252 497 336
152 389 254 487 343
153 389 254 487 343
154 819 612 843 636
155 819 613 843 636
156 818 613 842 636
157 817 613 841 636
158 816 613 840 636
159 815 613 839 635
160 814 613 838 634
161 855 649 872 663
162 900 688 909 695
163 951 731 951 730
164 1007 778 997 768
165 1025 794 1012 781
166 1045 812 1028 795
167 1067 831 1046 810
168 1092 852 1066 827
169 1119 875 1088 846
170 1149 901 1112 867
171 1182 929 1139 890
172 1214 957 1165 912
173 1245 983 1190 933
174 1274 1008 1213 953
175 1300 1031 1234 971
176 1327 1054 1256 990
177 1355 1078 1278 1009
178 1383 1102 1301 1028
179 1412 1127 1324 1048
180 1441 1152 1347 1068
181 1470 1177 1370 1088
182 1498 1201 1393 1107
183 1526 1225 1415 1126
184 1554 1249 1437 1145
185 1582 1273 1459 1164
186 1610 1297 1481 1183
187 1638 1321 1503 1202
188 1666 1345 1525 1221
189 1694 1369 1547 1240
190 1722 1393 1569 1259
191 1750 1417 1591 1278
192 1778 1441 1613 1297
193 1806 1465 1635 1316
194 1834 1489 1657 1335
195 1862 1513 1679 1354
