207 -1 -1 -1 -1
0 456 427 501 471
1 459 426 505 470
2 459 426 505 470
3 461 429 507 474
4 461 429 507 474
5 464 425 510 469
6 464 425 510 469
7 468 420 512 463
8 468 420 512 463
9 469 414 515 459
10 469 414 515 459
11 473 411 518 455
12 473 411 518 455
13 475 407 520 450
14 475 407 520 450
15 478 403 522 445
16 478 403 522 445
17 480 400 524 442
18 480 400 524 442
19 482 398 526 440
20 482 398 526 440
21 484 397 527 438
22 484 397 527 438
23 485 394 528 436
24 485 394 528 436
25 487 394 529 435
26 487 394 529 435
27 488 393 531 434
28 488 393 531 434
29 490 392 533 432
30 490 392 533 432
31 492 390 536 431
32 492 390 536 431
33 494 388 538 430
34 494 388 538 430
35 497 388 539 430
36 497 388 539 430
37 498 388 541 430
38 498 388 541 430
39 501 388 542 429
40 501 388 542 429
41 502 388 543 428
42 502 388 543 428
43 504 387 545 427
44 504 387 545 427
45 505 385 548 426
46 505 385 548 426
47 508 385 551 426
48 508 385 551 426
49 510 385 553 426
50 510 385 553 426
51 512 385 554 425
52 512 385 554 425
53 512 385 555 426
54 512 385 555 426
55 513 385 557 426
56 513 385 557 426
57 513 384 558 427
58 513 384 558 427
59 514 383 560 426
60 514 383 560 426
61 317 537 374 593
62 317 537 374 593
63 515 383 561 428
64 515 383 561 428
65 516 383 561 427
66 516 383 561 427
67 516 383 562 427
68 516 383 562 427
69 516 382 563 427
70 516 382 563 427
71 516 381 563 427
72 516 381 563 427
73 516 380 564 427
74 516 380 564 427
75 516 379 565 426
76 516 379 565 426
77 516 377 565 425
78 516 377 565 425
79 516 375 567 424
80 516 375 567 424
81 517 374 568 423
82 517 374 568 423
83 517 371 570 421
84 517 371 570 421
85 518 371 571 422
86 518 371 571 422
87 519 369 573 421
88 519 369 573 421
89 520 367 575 420
90 520 367 575 420
91 521 365 577 420
92 521 365 577 420
93 522 365 578 420
94 522 365 578 420
95 524 364 581 421
96 524 364 581 421
97 525 362 584 421
98 525 362 584 421
99 527 360 589 422
100 527 360 589 422
101 526 359 591 424
102 526 359 591 424
103 528 357 595 422
104 528 357 595 422
105 530 356 597 423
106 530 356 597 423
107 531 354 598 422
108 531 354 598 422
109 531 352 599 422
110 531 352 599 422
111 531 349 603 421
112 531 349 603 421
113 532 346 605 420
114 532 346 605 420
115 530 343 605 420
116 530 343 605 420
117 527 338 606 418
118 527 338 606 418
119 525 336 607 418
120 525 336 607 418
121 523 335 604 414
122 523 335 604 414
123 519 333 601 412
124 519 333 601 412
125 510 327 597 412
126 510 327 597 412
127 508 322 597 408
128 508 322 597 408
129 495 319 587 405
130 495 319 587 405
131 492 312 583 397
132 492 312 583 397
133 485 305 583 403
134 485 305 583 403
135 480 300 572 390
136 480 300 572 390
137 464 291 566 386
138 464 291 566 386
139 462 286 569 386
140 461 286 568 386
141 472 274 575 373
142 472 274 575 373
143 474 269 578 369
144 474 269 578 369
145 471 271 577 373
146 471 271 577 373
147 476 272 583 372
148 476 272 583 372
149 479 275 584 375
150 479 275 584 375
151 489 273 596 372
152 489 273 596 372
153 496 273 601 373
154 496 273 601 373
155 500 272 605 370
156 500 272 605 370
157 506 274 608 369
158 506 274 608 369
159 509 279 611 375
160 509 279 611 375
161 512 294 614 388
162 512 294 614 388
163 524 304 618 391
164 524 304 618 392
165 529 323 618 393
