113 -1 -1 -1 -1
0 454 543 513 596
1 460 540 521 597
2 2 658 36 717
3 475 541 534 596
4 0 670 31 720
5 483 522 541 577
6 485 518 544 572
7 492 514 547 567
8 494 504 551 559
9 496 496 558 552
10 502 489 560 545
11 507 488 563 541
12 510 481 568 535
13 514 474 570 528
14 517 470 573 520
15 520 465 577 517
16 523 458 580 510
17 529 452 583 503
18 532 444 588 496
19 536 438 593 492
20 538 437 593 489
21 542 430 597 483
22 544 426 601 479
23 547 420 603 471
24 551 419 605 469
25 556 414 610 464
26 558 408 613 461
27 561 404 616 456
28 564 397 618 449
29 567 397 620 447
30 571 390 624 442
31 573 388 627 439
32 575 383 630 435
33 577 379 632 434
34 580 376 635 429
35 582 372 638 425
36 584 369 640 421
37 585 363 644 419
38 587 361 646 418
39 591 358 649 414
40 593 356 650 411
41 596 354 652 407
42 597 353 655 407
43 599 349 657 404
44 600 345 660 402
45 601 341 662 399
46 603 340 663 398
47 605 340 666 398
48 605 339 665 396
49 605 339 665 396
50 603 338 665 396
51 602 338 664 396
52 601 339 662 397
53 599 338 662 396
54 596 338 659 397
55 591 337 656 396
56 587 335 653 397
57 583 336 649 398
58 574 335 643 398
59 568 332 636 398
60 562 329 630 395
61 552 329 626 395
62 544 330 613 394
63 537 327 603 392
64 527 322 594 387
65 514 321 584 386
66 505 316 574 384
67 496 314 566 382
68 475 306 545 370
69 466 301 534 367
70 449 289 527 362
71 436 288 509 355
72 424 283 497 351
73 412 278 485 346
74 417 271 496 344
75 413 266 488 331
76 410 256 486 322
77 409 253 485 324
78 399 254 476 322
79 391 248 469 317
