105 -1 -1 -1 -1
0 422 430 487 490
1 436 424 497 483
2 442 420 504 480
3 450 417 511 474
4 456 407 518 467
5 462 400 522 457
6 467 391 527 450
7 449 228 495 274
8 478 382 534 437
9 480 376 537 433
10 483 371 541 427
11 486 366 542 420
12 488 362 545 418
13 489 359 546 414
14 492 357 547 410
15 493 355 548 407
16 494 352 549 405
17 495 349 549 401
18 497 345 553 398
19 498 343 554 396
20 498 341 553 393
21 499 338 552 389
22 499 336 552 387
23 500 332 552 384
24 501 331 553 381
25 501 328 554 379
26 502 326 555 376
27 502 323 555 374
28 501 322 554 372
29 502 320 554 370
30 502 319 555 370
31 503 316 555 367
32 503 315 556 366
33 503 314 556 366
34 503 314 557 365
35 504 313 558 365
36 505 313 559 365
37 507 315 560 366
38 507 316 561 368
39 508 317 562 371
40 509 319 563 372
41 511 322 565 374
42 512 324 568 377
43 515 327 570 380
44 516 328 572 382
45 519 330 575 385
46 521 332 577 387
47 524 334 580 389
48 529 338 587 392
49 533 338 589 392
50 538 341 594 394
51 540 342 598 397
52 544 343 602 400
53 547 345 604 402
54 549 345 607 402
55 550 346 609 404
56 552 347 611 406
57 552 348 612 407
58 552 349 611 408
59 552 349 612 409
60 551 349 610 408
61 547 349 608 408
62 545 348 604 408
63 542 346 603 408
64 540 343 602 405
65 535 341 598 403
66 527 339 593 403
67 518 336 585 401
68 514 332 582 398
69 515 332 582 398
70 510 332 580 398
71 506 329 581 396
72 509 331 579 399
73 508 330 583 399
74 516 329 588 393
75 515 333 586 398
76 522 334 586 395
77 525 331 595 393
