195 -1 -1 -1 -1
0 423 422 477 473
1 423 422 477 473
2 430 415 482 466
3 430 415 482 466
4 436 412 487 462
5 436 412 487 462
6 440 411 491 461
7 440 411 491 461
8 445 404 496 453
9 445 404 496 453
10 448 399 498 447
11 448 399 498 447
12 394 633 484 713
13 394 633 484 713
14 387 642 475 714
15 387 642 475 714
16 380 655 467 717
17 380 655 467 717
18 450 382 500 430
19 450 382 500 430
20 452 380 499 426
21 452 380 499 426
22 452 378 499 424
23 452 378 499 424
24 452 377 500 423
25 452 377 500 423
26 452 377 500 422
27 452 377 500 422
28 453 376 501 422
29 453 376 501 422
30 454 376 502 421
31 454 376 502 421
32 455 373 504 419
33 455 373 504 419
34 458 372 505 416
35 458 372 505 416
36 459 370 506 415
37 459 370 506 415
38 461 368 508 413
39 461 368 508 413
40 462 365 510 411
41 462 365 510 411
42 464 363 512 409
43 464 363 512 409
44 466 361 513 407
45 466 361 513 407
46 469 359 515 404
47 469 359 515 404
48 470 356 516 402
49 470 356 516 402
50 471 353 519 398
51 471 353 519 398
52 474 349 521 394
53 474 349 521 394
54 474 346 524 392
55 474 346 524 392
56 476 343 525 390
57 476 343 525 390
58 478 340 526 387
59 478 340 526 387
60 30 159 75 200
61 30 159 75 200
62 480 336 528 383
63 480 336 528 383
64 482 333 531 380
65 482 333 531 380
66 484 331 533 379
67 484 331 533 379
68 485 329 534 377
69 485 329 534 377
70 486 326 536 374
71 486 326 536 374
72 487 323 538 372
73 487 323 538 372
74 489 322 540 370
75 489 322 540 370
76 490 321 541 370
77 490 321 541 370
78 491 319 543 369
79 491 319 543 369
80 492 318 545 369
81 492 318 545 369
82 493 317 547 369
83 493 317 547 369
84 494 315 549 368
85 494 315 549 368
86 495 314 550 368
87 495 314 550 368
88 495 311 552 367
89 495 311 552 367
90 496 311 554 367
91 496 311 554 367
92 497 311 554 366
93 497 311 554 366
94 498 310 556 366
95 498 310 556 366
96 498 309 557 365
97 498 309 557 365
98 498 307 558 365
99 498 307 558 365
100 497 305 559 364
101 497 305 559 364
102 499 304 560 363
103 499 304 560 363
104 499 302 561 362
105 499 302 561 362
106 498 299 561 361
107 498 299 561 361
108 497 297 562 360
109 497 297 562 360
110 497 296 563 360
111 497 296 563 360
112 495 295 562 359
113 495 295 562 359
114 493 292 564 360
115 493 292 564 360
116 492 289 563 358
117 492 289 563 358
118 492 287 564 355
119 492 287 564 355
120 490 282 561 350
121 490 282 561 350
122 489 278 560 345
123 489 278 560 345
124 482 272 558 343
125 482 272 558 343
126 478 266 554 339
127 478 266 554 339
128 475 262 548 329
129 475 262 548 329
130 472 256 546 330
131 472 256 546 330
132 470 247 547 324
133 470 247 547 324
134 470 243 548 321
135 470 243 548 321
136 768 489 789 509
137 768 489 789 509
138 454 228 545 310
139 454 228 545 310
140 449 224 531 298
141 449 224 531 298
142 436 215 526 299
143 436 216 525 299
144 435 213 522 294
145 435 213 522 294
146 427 207 513 289
147 427 207 513 289
148 392 178 485 267
149 385 173 479 262
150 378 167 472 257
151 370 161 466 252
152 362 154 459 247
153 354 147 452 241
154 345 140 444 235
155 336 132 436 229
156 326 123 427 222
157 315 114 418 215
158 303 104 408 207
159 294 96 400 201
160 284 88 392 194
161 274 80 384 187
162 264 71 375 180
163 254 62 366 173
164 244 53 357 166
165 233 44 348 159
166 222 35 339 152
167 211 26 330 145
168 200 17 321 138
169 189 8 312 131
170 178 0 303 124
171 167 -8 294 117
172 156 -16 285 110
173 145 -24 276 103
174 134 -32 267 96
175 123 -40 258 89
176 112 -48 249 82
177 101 -56 240 75
178 90 -64 231 68
179 79 -72 222 61
180 68 -80 213 54
181 57 -88 204 47
182 46 -96 195 40
183 35 -104 186 33
184 24 -112 177 26
185 13 -120 168 19
186 2 -128 159 12
187 -9 -136 150 5
188 792 499 812 520
189 792 499 812 520
190 792 499 811 520
